4442.926270
1890.365356
2157.167236
4358.642090
2139.572754
1322.791260
4970.928711
1623.984497
1726.879395
1067.263306
606.456360
2912.807129
1630.816650
1698.042236
428.419006
2218.568848
2664.242920
3604.379395
1117.126465
4548.289551
2420.850098
3185.643799
325.230713
4805.157715
3204.219727
3014.444580
2799.664062
2997.664307
1618.402222
1451.275269
4236.299316
1061.319824
3341.640869
1393.458252
419.953552
481.204956
2716.249756
390.873962
2105.189453
4443.128906
1458.137329
2711.645752
2355.927490
3088.953857
4409.687988
2784.346680
307.514282
2073.922607
1388.717285
1424.640747
1622.203979
3809.567383
4610.284668
1947.434570
3614.717041
2814.496094
4961.879395
1414.372681
812.151855
1580.272949
2865.647949
48.442883
2641.593018
1207.280151
1441.901123
3061.546143
1688.485229
4158.150879
3452.420410
3793.674561
3601.270996
4910.557617
1505.312012
957.190186
2999.502930
914.991577
3741.536621
3307.017334
2988.914062
130.245392
4731.658203
4611.118164
3939.812500
4341.934570
1558.544189
2554.521240
2156.422119
1520.414795
3968.893799
2968.573730
3100.687744
1834.533203
3017.016602
742.272034
3041.813477
4458.917969
3803.818359
4730.298340
3617.060059
2256.230225
